1111000000000000000011111111111111111111001110010000000111011010011101111011011111111111011000000000
1110000000000000000001111111011111111111111110000000000100010110010011111111011111000000000000000000
1100000000000000000011111111011111111111111001100000000000010000110010111011000000000000000000000000
1100000000000000001111111110111111111111100000000000011100110000000000000000000000000000000000000000
1100000000000000111011111111111111111111001111111111111111111000000000000000000000000000000000000000
1100000000000011111111111011111111111111111111111111111111100000000000000000000000000000000000000000
1100000000000011011111111111111111111111111111111111111111110000000000000000000000000000000000000000
1000000000000000011111111111111111111111111111111111111111111100000000000000000000000000000000000000
1000000000001000001111111111111111111111111111111111111111111111000000000000000000000000000000000000
1000000000000001011111111111111111111111111111111111111111111111100000000000000000000000000000000000
1100001001100100111111111111000011111111111111111111111111111111110000011100000000000000000000000000
1100001100110110011100000000000111111111111111111111111111111111111000001100000000000000000000000000
1111111100110110000000000000001111111111111111111111111111111111111110110000000000000000000000000000
1110111101100000000000000000011111111111111111111111111111111111111111000000000000000000000000000000
1111000000000000000000000000111111111111111111111111111111111111111111000000000000000000000000000000
0000000000000000000000000001111111111111111111111111111111111111111111100000000000000000000000000000
0000000000000000000000000011111111111111111111111111111111111111111111110000000000000000000000000000
0000000000000000000000000011111111111111111111111111111111111111111111110000000000000000000000000000
0000000000000000000000000111111111111111111111111111111111111111111111111000000000000000000000000000
0000000000000000000000001111111111111111111111111111111111111111111111111100000000000000000000000000
0000000000000000000000001111111111111111111111111111111111111111111111111100000000000000000000000000
0000000000000000000000011111111111111111111111111111111111111111111111111110000000000000000000000000
0000000000000000000000111111111111111111111111111111111111111111111111111110000000000000000000000000
0000000000000000000000111111111111111111111111111111111111111111111111111111000000000000000000000000
0000000000000000000001111111111111111111111111111111111111111111111111111111000000000000000000000000
0000000000000000000001111111111111111111111111111111111111111111111111111111100000000000000000000000
0000000000000000000001111111111111111111111111111111111111111111111111111111100000000000000000000000
0000000000000000000011111111111111111111111111111111111111111111111111111111110000000000000000111111
0000000000000000000011111111111111111111111111111111111111111111111111111111110000000000111111111111
0000000000000000000111111111111111111111111111111111111110000001111111111111110000111111111111111110
0000000000000000000111111111111111111111111111111111110000000000111111111111111111111111111111000000
0000000000000000000111111111111111111111111111111111111000000000111111111111111111111111000000000000
0000000000000000001111111111111111111111111111111111111000000000011111111111111111000000000000000000
0000000000000000001111111111111111111111111111111111111100000000011111111111111100000000000000000000
0000000000000000001111111111111111111111111111111111111100000000001111111111111100000000000000000000
0000000000000000001111111111111111111111111111111111111100000000001111111111111100000000000000000000
0000000000000000011111111111111111111111111111111111111100000000001111111111111100000000000000000000
0000000000000000011111111111111111111111111111111111111100000000011111111111111100000000000000000000
0000000000000000011111111111111111111111111111111111111100000000011111111111111110000000000000000000
0000000000000000011111111111111111111111111111111111111100000000011111111111111110000000000000000000
0000000000000000011111111111111111111111111111111111111000000000011111111111111110000000000000000000
0000000000000000011111111111111111111111111111111111111000000000011111111111111110000000000000000000
0000000000000011111111111111111111111111111111111111111110000000111111111111111110000000000000000000
0000000001111111111111111111111111111111111111111111111111100111111111111111111110000000000000000000
0000111111111111111111111111111111111111111111111111111111111111111111111111111110000000000000000000
1111111111100000111111111111111111111111111111111111111111111111111111111111111111000000000000000000
1111110000000000111111111111111111111111111111111111111111111111111111111111111111000000000000000000
1000000000000000111111111111111111111111111111111111111111111111111111111111111111000000000000000000
0000000000000000111111111111111111111111111111111111111111111111111111111111111111000000000000000000
0000000000000001111111111111111111111111111111111111111111111111111111111111111111000000000000000000
0000000000000011111111111111111111111111111111111111111111111111111111111111111111000000000000000000
0000000000000111111111111111111111111111111111111111111111111111111111111111111111000000000000000000
0000000000001111111111111111111111111111111111111111111111111111111111111111111111000000000000000000
0000000000011111111111111111111111111111111111111111111111111111111111111111111111000000000000000000
0000000000111111111111111111111111111111111111111111111111111111111111111111111111000000000000000000
0000000000111111111111111111111111111111111111111111111111111111111111111111111111000000000000000000
0000000001111111111111111111111111111111111111111111111111111111111111111111111110000000000000000000
0000000011111111111111111111111111111111111111111111111111111111111111111111111110000000000000000000
0000000011111111111111111111111111111111111111111111111111111111111111111111111110000000000000000000
0000000111111111111111111111111111111111111111111111111111111111111111111111111110000000000000000000
0000001111111111111111111111111111111111111111111111111111111111111111111111111110000000000000000000
0000001111111111111111111111111111111111111111111111111111111111111111111111111110000000000000000000
0000011111111111111111111111111111111111111111111111111111111111111111111111111110000000000000000000
0000011111111111111111111111111111111111111111111111111111111111111111111111111110000000000000000000
0000111111111111111111111111111111111111111111111111111111111111111111111111111100000000000000000000
0000111111111111111111111111111111111111111111111111111111111111111111111111111100000000000000000000
0000111111111111111111111111111111111111111111111111111111111111111111111111111100000000000000000000
0001111111111111111111111111111111111111111111111111111111111111111111111111111100000000000000000111
0001111111111111111111111111111111111111111111111111111111111111111111111111111000000000000001111111
0001111111111111111111111111111111111111111111111111111111111111111111111111111000000000111111111111
0011111111111111111111111111111111111111111111111111101111111111111111111111111000011111111111111111
0011111111111111111111111111111111111111111111111111111111111111111111111111111111111111111111110000
0011111111111111111111111111111111111111111111111111111111111111111111111111111111111111111100000000
0011111111111111111111111111111111111111111111111111111111111111111111111111111111111111000000000000
0011111111111111111111111111111111111111111111111111111111111111111111111111111111100000000000000000
0011111111111111111111111111111111111111111111111111111111111111111111111111111000000000000000000000
0111111111111111111111111111111111111111111111111111111111111111111111111111000000000000000000000000
0111111111111111111111111111111111111111111111111111111111111111111111111111000000000000000000000000
0111111111111111111111111111111111111111111111111111111111111111111111111110000000000000000000000000
0111111111111111111111111111111111111111111111111111111111111111111111111110000000000000000000000000
0111111111111111111111111111111111111111111111111111111111111111111111111100000000000000000000000000
0111111111111111111111111111111111111111111111111111111111111111111111111000000000000000000000000000
0111111111111111111111111111111111111111111111111111111111111111111111111000000000000000000000000000
0111111111111111111111111111111111111111111111111111111111111111111111110000000000000000000000000000
0011111111111111111111111111111111111111111111111111111111111111111111100000000000000000000000000000
0111111111111111111111111111111111111111111111111111111111111111111111100000000000000000000000000000
1111111111111111111111111111111111111111111111111111111111111111111111000000000000000000000000000000
1111111111111111111111111111111111111111111111111111111111111111111110000000000000000000000000000000
1111111111111111111111111111111111111111111111111111111111111111111100000000000000000000000000000000
1111111111111111111111111111111111111111111111111111111111111111111010000000000000000000000000000000
0001111111111111111111111111111111111111111111111111111111111111110000000000000000000000000000000000
0001111111111111111111111111111111111111111111111111111111111111100000000000001111000000000000000000
0000111111111111111111111111111111111111111111111111111111111111000000000111110000000000000000000000
0000111111111111111111111111111111111111111111111111111111111100011111111110000000000000000000000000
0000111111111111111111111111111111111111111111111111111111111111111111010000000001111000000000000000
0000011111111111111111111111111111111111111111111111111111111111111100111101111111000000000000000000
0000001111111111111111111111111111111111111111111111111111111101111111111111110000000000000000000000
0000001111111111111111111111111111111111111111111111111000111111111111111110100000011010000000100000
0000000111111111111111111111111111111111111111111111111111111111111111111110000001111000000000000000
0000000111111111111111111111111111111111111111111111111111111111111100110000000010011111100000100111
