0000000000000000000000000000000000000000000000111111100000000000000000000000000000000000000000000000
0000000000000000000000000000000000000000000000111111110000000000000000000000000000000000000000000000
0000000000000000000000000000000000000000000001111111111000000000000000000000000000000000000000000000
0000000000000000000000000000000000000000000001111111111000000000000000000000000000000000000000000000
0000000000000000000000000000000000000000000011111111111100000000000000000000000000000000000000000000
0000000000000000000000000000000000000000000111111111111100000000000000000000000000000000000000000000
0000000000000000000000000000000000000000001111111111111100000000000000000000000000000000000000000000
0000000000000000000000000000000000000000011111111111111100000000000000000000000000000000000000000000
0000000000000000000000000000000000000000111111111111111000000000000000000000000000000000000000000000
0000000000000000000000000000000000000000111111111111111000000000000000000000000000000000000000000000
0000000000000000000000000000000000000000111111110000000000000000000000000000000000000000000000000000
0000000000000000000000000000000000000101111111111000000011000000000000000000000000000000000000000000
0000000000000000000000000000000000001111111111111100000111100000000000000000000000000000000000000000
0000000000000000000000000000000000001111111111111111111111100000000000000000000000000000000000000000
0000000000000000000000000000000000000111111111111111111111000000000000000000000000000000000000000000
0000000000000000000000000000000000000111111111111110011111100000000000000000000000000000000000000000
0000000000000000000000000000000000000111111111111110011101100000000000000000000000000000000000000000
0000000000000000000000000000000000000111111110111111000000100000000000000000000000000000000000000000
0000000000000000000000000000000000001111111111111111111000100000000000000000000000000000000000000000
0000000000000000000000000000000000001111111111111111111111100000000000000000000000000000000000000000
0000000000000000000000000000000000001111111111111111111111100000000000000000000000000000000000000000
0000000000000000000000000000000000111111111111111111111111100000000000000000000000000000000000000000
0000000000000000000000000000000001111111111111111111111111100000000000000000000000000000000000000000
0000000000000000000000000000000011111111111111111111111111100000000000000000000000000000000000000000
0000000000000000000000000000001111111111111111111111111111100000000000000000000000000000000000000000
0000000000000000000000000000011111111111111111111001111111100000000000000000000000000000000000000000
0000000000000000000000000000111111111111111111100000000111100000000000000000000000000000000000000000
0000000000000000000000000001111111111111111111111110000111100000000000000000000000000000000000000000
0000000000000000000000000011111111111111111111111110111111000000000000000000000000000000000000000000
0000000000000000000000000011111111111111111111111111111111000000000000000000000000000000000000000000
0000000000000000000000000111111111111111111111111111111111100000000000000000000000000000000000000000
0000000000000000000000000111111111111111111111111111111111111000000000000000000000000000000000000000
0000000000000000000000000111111111111111111111111111111111111100000000000000000000000000000000000000
0000000000000000000000001111111111111111111111111111111110111111110000000000000000000000000000000000
0000000000000000000000001111111111111111111111111111111110011111110000000000000000000000000000000000
0000000000000000000000001111111111111111111111111111111100001111111000010000000000000000000000000000
0000000000000000000000001111111111111111111111111111111100001111111000111000000000000000000000000000
0000000000000000000000001111111111111111111111111111111110011111111111111110000000000000000000000000
0000000000000000000000011111111111111111111111111111111111111111111111110111000000000000000000000000
0000000000000000000000011111111111111111111111111111111111111111111110000000110000000000000000000000
0000000000000000000000111111111111111111111111111111111111111111111100011111010000000000000000000000
0000000000000000000000111111111111111111111111111111111111111111111101111111111000000000000000000000
0000000000000000000001111111111111111111111111111111111111111011111111111111111100000000000000000000
0000000000000000000001111111111111111111111111111111111111111101111111111111111100000000000000000000
0000000000000000000001111111111111111111111111111111111111111100011111111111111100000000000000000000
0000000000000000000001111111111111011111111111111111111111111100111111111111111100000000000000000000
0000000000000000000001111111111110011111111111111111011111111111111111111111111100000000000000000000
0000000000000000000011111111111110011111111111111111011111111011101111111111111100000000000000000000
0000000000000000000111000111111110011111111111111111011111110111000111111111111100000000000000000000
0000000000000000000111000001111100011111111111111111111111111110000111111111111100000000000000000000
0000000000000000001111111111111111011111111111111111111110111111001111111111111000000000000000000000
0000000000000000001111111111111111111111111111111111111101111111001111111111110000000000000000000000
0000000000000000000111111111111111111111111111111111111011111111000111111111000000000000000000000000
0000000000000000000111111111111111111111111111111111110111111111100111111110000000000000000000000000
0000000000000000000111111111111111111111111111111111101111111111100111111100000000000000000000000000
0000000000000000000111111111111111111111111111111111011111111111100111110000000000000000000000000000
0000000000000000000111111111111111111111111110111110011111111111110111000000000000000000000000000000
0000000000000000000111111111111111111111111111111110111111110111111111000000000000000000000000000000
0000000000000000000111111111111111111111111111111110110000000000111110000000000000000000000000000000
0000000000000000000011111111111111111111111111110111111100000000001110000000000000000000000000000000
0000000000000000000011111111111111111111111111000111110000000000000100000000000000000000000000000000
0000000000000000000111111111111111111111111110000111100000000000000000000000000000000000000000000000
0000000000000000000111111111111111111111111100000011000000000000000000000000000000000000000000000000
0000000000000000000011111111111111111111110000010000000000000000000000000000000000000000000000000000
0000000111111111110111111111111111111111100000011000000000000000000000000000000000000000000000000000
0000001111111111111111111111111111111111100000011110000000000000000000000000000000000000000000000000
0000011111111111111011111111111111111111100000011111000000000000000000000000000000000000000000000000
0000111111111111110111111001111111111111100000001111100000000000000000000000000000000000000000000000
0001111111111111111111110001111111111111000000011111111000000000000000000000000000000000000000000000
0011111111111111101111110001111111111111000000011111111100000000000000000000000000000000000000000000
0011111111111111011111100001111111111111000000111111111100000000000000000000000000000000000000000000
0111111111111110111111000001111111111111100000111111111000000000000000000000000000000000000000000000
1111111111111111111111000001111111111111000001111111000011000000000000000000000000000000000000000000
1111111111111111111111000000111111111111000001111111000011100000000000000010000000000000000000000000
0111111111111111111111000000111111111110000001111111000011111000000000000010000000000000000000000000
0111111111111111111111000000111111111111000111111111000011111100000000000011000000000000000000000000
0111111111111111111111100000011111111111100111111111000001111110000000000011000000000000000000000000
0011111111111111111111100000011111111111100111111111000011100000000000000001100000000000000000000000
0011111111111111111111100000011111111111110111111111110000000000000000000001100000000000000000000000
0001111111111111111111100000011111111111100011111111111000000000000000000000110000100000000000000000
0001111111111111111111110000011111111111100011111111111100001000000000000000010001100000000000000000
0001111111111111111111110000011111111111100011111111111111111000000000001111101001000000000000000000
0001111111111111111111110000011111111111100111111111110111110000000001111111111100000000000000000000
0000111111111111111110111000011111111111110111111111111001100000010011111111111100100000000000000000
0000111111111111111101111000011111111111110111111111111000000010010111111111111111100000000000000000
0000111111111111111111111000011111000111110111111111111111110111111111111111111111000000000000000000
0000111111111111111111110000011111000000110111111111111111111111111111111111111111000000000000000000
0000111111111111111111100000011111000000000111111111011111111111111111111111111111000000000000000000
0000111111111111111111100000111111000000000111111111000111111111011111111111111100000000000000000000
0000111111111111111111000000111111000000000111110111000011111111111111111111000000000000000000000000
0000011111111111111110000000111111100000000111110111100001111111111111111110000000000000000000000000
0000011111111111111110000000111111100000000111110011100001111111111111111000000000000000000000000000
0000001111111111111100000001111111100000000111111011111111111111111111000000000000000000000000000000
0000000000000000000000000001111111100000000111111011111111110001111111000000000000000000000000000000
0000000000000000000000000001111111000000000111111001111111100000111111100000000000000000000000000000
0000000000000000000000000000000000000000000111111000111111000000111111100000000000000000000000000000
0000000000000000000000000000000000000000000111111000011100000000000000000000000000000000000000000000
0000000000000000000000000000000000000000000111111000000000000000000000000000000000000000000000000000
0000000000000000000000000000000000000000000111111100000000000000000000000000000000000000000000000000
0000000000000000000000000000000000000000000111111000000000000000000000000000000000000000000000000000
